16 23 42
-16 23 42
26 41 -42
-26 41 -42
32 -41 -42
6 15 -41
-6 15 -32
1 -32 46
-1 -32 46
-15 -41 -46
-15 -21 -46
-23 33 38
-23 -33 38
8 22 33
8 22 -33
-22 37 -38
13 36 -37
13 -22 -36
-13 -22 -37
11 -23 47
-8 11 -47
-8 -11 39
-11 27 -39
-8 -11 -39
-7 26 29
-7 -26 29
-13 20 36
-13 17 20
5 -17 20
5 -19 -45
-5 -10 -45
6 25 47
-6 -10 25
-2 -27 37
-27 -36 40
18 39 -40
-2 -19 31
5 18 -30
-31 -43 -50
10 -30 43
10 -41 43
19 21 29
37 42 45
-20 27 40
-21 -36 48
31 -36 -48
3 -9 -18
16 -40 -47
1 -18 21
2 28 32
-1 -24 -50
-12 35 49
-6 -36 45
7 12 -43
7 30 -43
-5 9 -17
3 14 50
-12 17 -49
24 34 49
14 -20 24
-9 35 -49
-4 -47 50
4 44 -44
28 -28 -38
2 4 -48
-20 35 -44
30 -31 -43
-14 -29 35
-20 35 -35
19 -22 -24
-25 -28 48
-14 -34 44
9 20 44
-3 9 -29
17 34 -34
12 48 48
-12 -25 -43
-25 -31 48
14 -16 49
-3 -4 -35